25 25
0.1285740907560 -0.0423851443859 -0.0857598546395 0.0246988556539 -0.1659328258243 -0.1433256412537 0.3522547475261 -0.1120229044328 0.1094153093851 0.2929173769478 -0.0101524450513 0.1786230464341 0.3477391108212 -0.1593461213937 -0.2939525160843 0.0219840587648 0.1320675107733 0.3422445602042 0.1906209040924 -0.2481931521263 0.1546033029037 -0.3695842555487 0.1619473840146 0.0811160786918 0.0141951636152 
0.2753924728742 0.2065065289176 0.0121892455304 0.3921553129537 0.0604744780512 0.1770103541222 0.1336599885247 -0.1817931008765 0.0413890733753 -0.0031892367985 0.2798505130683 -0.0533265359273 -0.0017839721896 0.1220518060429 -0.1571189359964 0.0991253673210 -0.3002418644304 -0.1051836597801 0.0724860132179 0.2729310511312 -0.0780510261850 -0.1868405670743 -0.2960630330531 0.3716448120081 0.2482980745110 
0.0467713703594 -0.1218068739739 0.1494836728731 -0.5136333702246 0.1294025210903 0.4060632304196 0.2427247120697 0.4268555770248 0.0605038888087 -0.0338536853169 0.0509171781386 0.0453804884275 0.1319638226664 -0.1187662929906 -0.0506311390292 0.0967024060036 0.1300857071924 0.1254987611783 -0.0495308315964 0.2660187344099 -0.0364502899696 -0.0930451393496 -0.3113227372076 0.0907566593279 -0.0113118077641 
-0.0718956413354 -0.2853669330792 0.3033275197774 0.3646282687569 -0.0019764937965 0.2749109205765 0.0385345813323 -0.0877495478489 0.1921521892874 0.2780111284044 0.0731539257399 -0.0624495893620 -0.1584204709845 -0.1847948645643 0.1317208356610 0.1173937554100 0.2786468719542 0.0477671132155 0.3155281796205 -0.0285242904289 0.0317377412488 0.3354724663431 -0.0502292839043 0.1443690839255 -0.2694748178991 
-0.0105469844398 0.1218125279883 -0.2038143217455 0.1665834694335 0.1875109323149 -0.2497236938996 0.3393575577697 0.0718104384755 -0.1709525346897 -0.1804930807885 0.2642181270667 -0.0567607445369 0.4148315917961 -0.1855628409434 0.4785246530791 0.1286406316185 0.1879264586619 -0.1151672728460 0.0713046994489 0.1666064717666 -0.0628109945065 0.0905237126836 0.0542228913638 -0.0565520593615 -0.1064379044952 
0.0183864302278 0.0554921210251 -0.1689984153239 -0.3105288830343 -0.0574477814427 0.1053371306980 0.1350931631548 -0.4304695837683 -0.0959548785295 0.1981956563057 0.3253462808902 -0.1380792422719 -0.0222423351683 0.2297581975614 -0.0584287835875 0.3111562746610 -0.0430012385198 0.1676659401671 -0.1305599616429 -0.1831787933509 -0.3273858400444 0.2144306102016 -0.1210185720516 -0.2022894773648 -0.1934762015300 
-0.3736093750148 0.2642229919644 -0.1860089036199 0.1513371425113 0.0338749819974 0.3206007113184 0.0056361024880 -0.0093911987534 -0.1222183987199 -0.0958056404053 -0.0710131357140 0.0198439579565 -0.2127476396157 -0.0891259512928 -0.1697208591336 0.1285073014608 0.0503227314666 0.1073131399499 0.3204926608691 0.2877960516425 -0.1353902569992 -0.3249154154848 0.1888711388177 -0.3522336387781 -0.1331867988470 
0.0002120947128 -0.2923511436216 -0.1499403895197 0.1003591490232 -0.0242045672157 0.0982201670912 0.1299146475473 0.1295733347346 0.1140758406611 0.2563343990419 -0.0883302276144 0.0987138642169 0.2051147911793 -0.0965786074038 -0.2309180784938 -0.1499501826459 -0.0979732908977 -0.4861738772943 -0.0241941870247 0.0255326719662 -0.5221769378752 0.1171729417709 0.1345489998188 -0.1973659967568 0.1547431913479 
-0.2971145738314 0.0738576776287 -0.0258570332201 -0.2231898893716 -0.2332962150354 -0.0535645988303 0.2090477760350 -0.2279550745713 0.3571131968609 -0.0025898867781 0.0807115509701 0.0852942930588 -0.0829323525848 -0.0501766117684 -0.0628872629129 0.1802336281470 -0.0100352234188 -0.4712010823248 -0.1907233707389 0.2342373227089 0.3344833271169 -0.0268890763030 0.1742138955335 0.1766446956417 -0.1677342847308 
-0.0509509321201 -0.0716827080376 -0.0079126529214 0.2757215435767 0.1115205122910 0.2576302909602 0.0420965937309 0.2184015616725 0.0416613738080 0.2006556645361 0.2290443309321 0.0282729526854 -0.0465668884210 0.0269700669012 0.2272912324976 -0.0982046289462 -0.2281788987826 0.0679629286341 -0.5486986075694 -0.1926202096210 0.0786158791339 -0.3344115325851 0.1409631688697 -0.0759754434380 -0.2998783452008 
-0.2726226527415 -0.1427879137473 -0.1434896519170 0.0381327614524 0.1600241779109 0.1511189836247 0.0522894458325 -0.0402144962226 -0.2925294296407 -0.1826705127844 -0.0171397497976 0.4504873695831 -0.1020497449462 -0.1881751334462 0.0058931045848 0.3303848383797 -0.0722554307981 -0.1440020250792 -0.0016626468453 -0.4568798111905 0.0767887316848 0.0292872538312 -0.1655300013996 0.1736667021590 0.2329111342591 
0.0661277632798 0.2332067982593 0.0383659028853 0.0983635969825 0.3421521816304 0.0550039776542 0.1871242622258 0.1352671587318 0.3047558376266 -0.0625851111250 0.1494709318665 0.0902514985650 -0.1720241513621 0.3175270536922 -0.1492717514213 0.0529541461656 0.4287477095843 0.0307303320058 -0.1393883627782 -0.1287462215167 0.0615109172750 0.1792872401878 0.2601893557872 -0.1373915427238 0.3614279671178 
-0.2775639049578 -0.2764266978695 0.1039976086967 0.1098165375182 0.2510140640444 -0.1785007748396 0.0894929413940 -0.3379107486777 -0.0901998702812 0.0769504510046 -0.1040314236545 0.3885730222854 0.0773151698183 0.2459487462964 -0.0268385682370 -0.2333435856687 0.1069544489397 0.1974874077196 -0.2069357233408 0.3929234640278 0.0050121907581 -0.0066157394625 -0.2324297761075 -0.0852902541979 -0.0090866986818 
-0.1948976869592 -0.0379945685823 -0.1121610244126 0.1459144696677 0.0505399041532 -0.2716211032963 0.3873859306289 0.3312083007750 -0.2149369974675 0.0947372361039 -0.1045089030342 -0.3008547821903 -0.2079327169712 -0.0333115357582 -0.3682505403882 0.0761742792795 -0.2519358285901 0.1658467816005 -0.1065656089115 0.0743078391660 0.1457074713736 0.3257631125698 -0.0382446563117 0.0769937146435 -0.0750865620436 
0.2061055963722 -0.1042757108253 -0.2971657129720 0.1909580755954 -0.2817118548064 0.1411133540105 0.1871625168614 -0.1439760092621 0.1014577741528 -0.1549371949959 -0.2512615761325 -0.1988962064145 -0.1310265300828 -0.1781389890393 0.0645208346626 -0.0364803562013 0.2554260306678 -0.0345675885907 -0.2460988541564 -0.0232075379871 0.1922538970416 -0.0467655247290 -0.4150792214735 -0.3443311270938 0.1338312105881 
0.2341648218443 -0.0652494041428 -0.0379489465840 -0.1462752327106 0.2102283012342 -0.1337912190261 0.3281595149604 0.0485189266130 -0.0501593858942 0.2369413571210 -0.2548235668238 0.0488568726899 -0.3601584602566 0.3409754973249 0.2907469002286 0.0208412925747 -0.0763868031098 -0.2650757744463 0.3326760652780 -0.0832594832101 0.0449315488798 -0.2509870257563 -0.0818880793520 -0.0661311641548 -0.1386013228314 
-0.0274310209530 0.5939820932283 0.3903140918493 0.0411316344939 -0.1272158075752 0.0779285738140 0.1904263336511 -0.0576926798559 -0.2237057974505 0.2274282633684 -0.3965487697968 0.1037929841866 0.0590031425027 -0.1258573257471 0.0853536331947 -0.0366023851437 0.1032159039608 -0.0741627626444 -0.2380998680504 -0.0755630547967 -0.1919558544622 0.0817850014774 -0.0598785664466 0.0813606240521 -0.0226834176034 
-0.4099620256459 -0.0929434791741 -0.0861352181180 0.0165287032836 -0.2705271568780 -0.0041733899062 0.2063266484619 0.0502020448543 0.1374369791705 -0.2178061056767 -0.0465890595910 -0.2258427387222 -0.0702877708834 0.2730704588442 0.1901396778144 -0.2080931343917 0.1581725960603 0.1260969270147 0.0196345644874 -0.1707997019607 -0.3830188139385 -0.1741613854761 -0.0234895960796 0.4014740320693 0.0979462172237 
0.1511359436300 -0.0656641496330 0.3668058584464 0.0830442645602 -0.2417844708530 0.0924814351478 0.3218855191895 -0.0025807262406 -0.0634920476353 -0.5479986374055 0.1146583944555 0.2065252325841 0.0543570914088 0.1747203002091 -0.1605741654769 -0.1747974817752 -0.1816293434504 -0.0509902208682 0.1188883394353 -0.1395906560667 0.0155325600182 0.1098309152199 0.0535088826317 -0.2280895326203 -0.2727991283769 
0.1206705044357 -0.1851452841000 -0.0716617303160 0.0055706276818 -0.1013297323652 0.3447405278377 0.1180903997264 -0.1175542348063 -0.0728246713327 -0.0324332956806 -0.3634327506565 -0.0241253386630 0.1713667649199 0.2037792854195 0.2676587988830 0.2381999552769 -0.2369303322496 0.2102887081020 -0.0499528626561 0.2015317270168 0.1205094915511 0.1864179038531 0.4468332272071 0.0751738299208 0.2297144051657 
0.0246023012487 0.0857636295880 -0.3112942424823 -0.1140615725672 0.0566727746593 0.3575262881866 0.0448883154456 -0.1121374173831 -0.3724585173419 0.1059009313856 0.1295308045820 -0.0549953957264 0.0435647305143 0.0725747746044 -0.0964260099124 -0.5718338606970 0.1758235640288 -0.1502661668868 0.0922231020855 -0.0339919160250 0.2752748227081 0.1634148268468 0.0898917116541 0.2088791261506 -0.0771526189813 
-0.3610416987988 0.2211248350784 0.0147126894744 -0.0322746859074 -0.0482185733049 0.0939627605432 0.0471762400178 0.0746851705066 0.2934660579736 0.1935373965605 0.0755120100369 0.0015608860754 0.2359592620320 0.0914235148727 0.2096523231324 -0.1821504705190 -0.3657015419743 0.0625762250328 0.2569008512633 -0.1322210215957 0.2425150993580 0.1712117695424 -0.2712442777730 -0.2934448690637 0.2472677950068 
-0.1566657839636 -0.1032598166244 0.2574054517163 -0.0136347492852 0.4583040758882 0.0913699469278 0.0154876197386 -0.2559413765821 0.0051318216204 -0.1423468772394 -0.2136658322176 -0.5288778191089 0.3176054841851 0.0197968094230 -0.1797110606179 0.0609715101693 -0.0058128222714 -0.1908444340880 -0.0164549825325 -0.2070196770768 0.0982944001636 -0.1967421682050 -0.0046389700000 -0.0448021408172 -0.0360409184214 
0.1274897612303 0.1809356122365 -0.3206418842568 -0.0321238778027 0.3528132046903 0.0429234807478 0.0327871763109 -0.1246635269532 0.4477618159352 -0.2156479213322 -0.2819411076335 0.1562120726887 -0.0245384244903 -0.2082274800186 -0.0105926339192 -0.1591370109069 -0.2027930716396 0.1809936815328 -0.0005942545447 -0.0699283371162 -0.1641740041688 0.1879312459255 -0.0299052231556 0.1831025978091 -0.3293606517660 
0.0187165489923 -0.0896530533038 0.2222392428090 -0.1983390032192 0.1226936207191 -0.0536589055614 0.2477217874558 -0.2678455897443 -0.0292934763747 -0.0212993253474 0.2035471207001 -0.1100154172395 -0.3629156344396 -0.4879047433472 0.1580545219048 -0.2773772429529 -0.1753347870508 0.1196750778401 -0.0138495323656 0.0387943609970 -0.0897171086875 -0.0551613540338 0.2151300348236 -0.0785946343132 0.3391269255834 
