25 25
0.128574091 -0.042385144 -0.085759855 0.024698856 -0.165932826 -0.143325641 0.352254748 -0.112022904 0.109415309 0.292917377 -0.010152445 0.178623046 0.347739111 -0.159346121 -0.293952516 0.021984059 0.132067511 0.342244560 0.190620904 -0.248193152 0.154603303 -0.369584256 0.161947384 0.081116079 0.014195164 
0.275392473 0.206506529 0.012189246 0.392155313 0.060474478 0.177010354 0.133659989 -0.181793101 0.041389073 -0.003189237 0.279850513 -0.053326536 -0.001783972 0.122051806 -0.157118936 0.099125367 -0.300241864 -0.105183660 0.072486013 0.272931051 -0.078051026 -0.186840567 -0.296063033 0.371644812 0.248298075 
0.046771370 -0.121806874 0.149483673 -0.513633370 0.129402521 0.406063230 0.242724712 0.426855577 0.060503889 -0.033853685 0.050917178 0.045380488 0.131963823 -0.118766293 -0.050631139 0.096702406 0.130085707 0.125498761 -0.049530832 0.266018734 -0.036450290 -0.093045139 -0.311322737 0.090756659 -0.011311808 
-0.071895641 -0.285366933 0.303327520 0.364628269 -0.001976494 0.274910921 0.038534581 -0.087749548 0.192152189 0.278011128 0.073153926 -0.062449589 -0.158420471 -0.184794865 0.131720836 0.117393755 0.278646872 0.047767113 0.315528180 -0.028524290 0.031737741 0.335472466 -0.050229284 0.144369084 -0.269474818 
-0.010546984 0.121812528 -0.203814322 0.166583469 0.187510932 -0.249723694 0.339357558 0.071810438 -0.170952535 -0.180493081 0.264218127 -0.056760745 0.414831592 -0.185562841 0.478524653 0.128640632 0.187926459 -0.115167273 0.071304699 0.166606472 -0.062810995 0.090523713 0.054222891 -0.056552059 -0.106437904 
0.018386430 0.055492121 -0.168998415 -0.310528883 -0.057447781 0.105337131 0.135093163 -0.430469584 -0.095954879 0.198195656 0.325346281 -0.138079242 -0.022242335 0.229758198 -0.058428784 0.311156275 -0.043001239 0.167665940 -0.130559962 -0.183178793 -0.327385840 0.214430610 -0.121018572 -0.202289477 -0.193476202 
-0.373609375 0.264222992 -0.186008904 0.151337143 0.033874982 0.320600711 0.005636102 -0.009391199 -0.122218399 -0.095805640 -0.071013136 0.019843958 -0.212747640 -0.089125951 -0.169720859 0.128507301 0.050322731 0.107313140 0.320492661 0.287796052 -0.135390257 -0.324915415 0.188871139 -0.352233639 -0.133186799 
0.000212095 -0.292351144 -0.149940390 0.100359149 -0.024204567 0.098220167 0.129914648 0.129573335 0.114075841 0.256334399 -0.088330228 0.098713864 0.205114791 -0.096578607 -0.230918078 -0.149950183 -0.097973291 -0.486173877 -0.024194187 0.025532672 -0.522176938 0.117172942 0.134549000 -0.197365997 0.154743191 
-0.297114574 0.073857678 -0.025857033 -0.223189889 -0.233296215 -0.053564599 0.209047776 -0.227955075 0.357113197 -0.002589887 0.080711551 0.085294293 -0.082932353 -0.050176612 -0.062887263 0.180233628 -0.010035223 -0.471201082 -0.190723371 0.234237323 0.334483327 -0.026889076 0.174213896 0.176644696 -0.167734285 
-0.050950932 -0.071682708 -0.007912653 0.275721544 0.111520512 0.257630291 0.042096594 0.218401562 0.041661374 0.200655665 0.229044331 0.028272953 -0.046566888 0.026970067 0.227291232 -0.098204629 -0.228178899 0.067962929 -0.548698608 -0.192620210 0.078615879 -0.334411533 0.140963169 -0.075975443 -0.299878345 
-0.272622653 -0.142787914 -0.143489652 0.038132761 0.160024178 0.151118984 0.052289446 -0.040214496 -0.292529430 -0.182670513 -0.017139750 0.450487370 -0.102049745 -0.188175133 0.005893105 0.330384838 -0.072255431 -0.144002025 -0.001662647 -0.456879811 0.076788732 0.029287254 -0.165530001 0.173666702 0.232911134 
0.066127763 0.233206798 0.038365903 0.098363597 0.342152182 0.055003978 0.187124262 0.135267159 0.304755838 -0.062585111 0.149470932 0.090251499 -0.172024151 0.317527054 -0.149271751 0.052954146 0.428747710 0.030730332 -0.139388363 -0.128746222 0.061510917 0.179287240 0.260189356 -0.137391543 0.361427967 
-0.277563905 -0.276426698 0.103997609 0.109816538 0.251014064 -0.178500775 0.089492941 -0.337910749 -0.090199870 0.076950451 -0.104031424 0.388573022 0.077315170 0.245948746 -0.026838568 -0.233343586 0.106954449 0.197487408 -0.206935723 0.392923464 0.005012191 -0.006615739 -0.232429776 -0.085290254 -0.009086699 
-0.194897687 -0.037994569 -0.112161024 0.145914470 0.050539904 -0.271621103 0.387385931 0.331208301 -0.214936997 0.094737236 -0.104508903 -0.300854782 -0.207932717 -0.033311536 -0.368250540 0.076174279 -0.251935829 0.165846782 -0.106565609 0.074307839 0.145707471 0.325763113 -0.038244656 0.076993715 -0.075086562 
0.206105596 -0.104275711 -0.297165713 0.190958076 -0.281711855 0.141113354 0.187162517 -0.143976009 0.101457774 -0.154937195 -0.251261576 -0.198896206 -0.131026530 -0.178138989 0.064520835 -0.036480356 0.255426031 -0.034567589 -0.246098854 -0.023207538 0.192253897 -0.046765525 -0.415079221 -0.344331127 0.133831211 
0.234164822 -0.065249404 -0.037948947 -0.146275233 0.210228301 -0.133791219 0.328159515 0.048518927 -0.050159386 0.236941357 -0.254823567 0.048856873 -0.360158460 0.340975497 0.290746900 0.020841293 -0.076386803 -0.265075774 0.332676065 -0.083259483 0.044931549 -0.250987026 -0.081888079 -0.066131164 -0.138601323 
-0.027431021 0.593982093 0.390314092 0.041131634 -0.127215808 0.077928574 0.190426334 -0.057692680 -0.223705797 0.227428263 -0.396548770 0.103792984 0.059003143 -0.125857326 0.085353633 -0.036602385 0.103215904 -0.074162763 -0.238099868 -0.075563055 -0.191955854 0.081785001 -0.059878566 0.081360624 -0.022683418 
-0.409962026 -0.092943479 -0.086135218 0.016528703 -0.270527157 -0.004173390 0.206326648 0.050202045 0.137436979 -0.217806106 -0.046589060 -0.225842739 -0.070287771 0.273070459 0.190139678 -0.208093134 0.158172596 0.126096927 0.019634564 -0.170799702 -0.383018814 -0.174161385 -0.023489596 0.401474032 0.097946217 
0.151135944 -0.065664150 0.366805858 0.083044265 -0.241784471 0.092481435 0.321885519 -0.002580726 -0.063492048 -0.547998637 0.114658394 0.206525233 0.054357091 0.174720300 -0.160574165 -0.174797482 -0.181629343 -0.050990221 0.118888339 -0.139590656 0.015532560 0.109830915 0.053508883 -0.228089533 -0.272799128 
0.120670504 -0.185145284 -0.071661730 0.005570628 -0.101329732 0.344740528 0.118090400 -0.117554235 -0.072824671 -0.032433296 -0.363432751 -0.024125339 0.171366765 0.203779285 0.267658799 0.238199955 -0.236930332 0.210288708 -0.049952863 0.201531727 0.120509492 0.186417904 0.446833227 0.075173830 0.229714405 
0.024602301 0.085763630 -0.311294242 -0.114061573 0.056672775 0.357526288 0.044888315 -0.112137417 -0.372458517 0.105900931 0.129530805 -0.054995396 0.043564731 0.072574775 -0.096426010 -0.571833861 0.175823564 -0.150266167 0.092223102 -0.033991916 0.275274823 0.163414827 0.089891712 0.208879126 -0.077152619 
-0.361041699 0.221124835 0.014712689 -0.032274686 -0.048218573 0.093962761 0.047176240 0.074685171 0.293466058 0.193537397 0.075512010 0.001560886 0.235959262 0.091423515 0.209652323 -0.182150471 -0.365701542 0.062576225 0.256900851 -0.132221022 0.242515099 0.171211770 -0.271244278 -0.293444869 0.247267795 
-0.156665784 -0.103259817 0.257405452 -0.013634749 0.458304076 0.091369947 0.015487620 -0.255941377 0.005131822 -0.142346877 -0.213665832 -0.528877819 0.317605484 0.019796809 -0.179711061 0.060971510 -0.005812822 -0.190844434 -0.016454983 -0.207019677 0.098294400 -0.196742168 -0.004638970 -0.044802141 -0.036040918 
0.127489761 0.180935612 -0.320641884 -0.032123878 0.352813205 0.042923481 0.032787176 -0.124663527 0.447761816 -0.215647921 -0.281941108 0.156212073 -0.024538424 -0.208227480 -0.010592634 -0.159137011 -0.202793072 0.180993682 -0.000594255 -0.069928337 -0.164174004 0.187931246 -0.029905223 0.183102598 -0.329360652 
0.018716549 -0.089653053 0.222239243 -0.198339003 0.122693621 -0.053658906 0.247721787 -0.267845590 -0.029293476 -0.021299325 0.203547121 -0.110015417 -0.362915634 -0.487904743 0.158054522 -0.277377243 -0.175334787 0.119675078 -0.013849532 0.038794361 -0.089717109 -0.055161354 0.215130035 -0.078594634 0.339126926 
